geometry:
  name: LampSSSTestModel
  handle: 3247278211742412997
  meshes:
    - mesh: 0
      verticeCount: 706
      indiceCount: 4032
    - mesh: 1
      verticeCount: 1707
      indiceCount: 9450
  materials:
    - material: EyeMat
      id: 0
    - material: SkinMat
      id: 1
  boundingBox:
    maxPos: [16.9582348, 33.7705231, 13.8105078]
    minPos: [-17.1051998, -2.5285759, -15.9129152]